0.05 0.00374375 0.05 -2.07292e-06
0.025 0.000936719 0.025 -2.59766e-07
0.0125 0.000234277 0.0125 -3.25114e-08
0.00625 5.85815e-05 0.00625 -4.06647e-09
0.003125 1.46469e-05 0.003125 -5.08467e-10
0.0015625 3.66192e-06 0.0015625 -6.35684e-11
0.003125 9.76448e-06 0.0015625 -6.35584e-11
0.0046875 1.83073e-05 0.0015625 -6.35485e-11
0.00625 2.929e-05 0.0015625 -6.35386e-11
0.0078125 4.27122e-05 0.0015625 -6.35286e-11
0.009375 5.85735e-05 0.0015625 -6.35187e-11
0.0109375 7.68736e-05 0.0015625 -6.35088e-11
0.0125 9.7612e-05 0.0015625 -6.34989e-11
0.0140625 0.000120788 0.0015625 -6.34889e-11
0.015625 0.000146402 0.0015625 -6.3479e-11
0.0171875 0.000174454 0.0015625 -6.34691e-11
0.01875 0.000204942 0.0015625 -6.34592e-11
0.0203125 0.000237866 0.0015625 -6.34493e-11
0.021875 0.000273227 0.0015625 -6.34394e-11
0.0234375 0.000311023 0.0015625 -6.34294e-11
0.025 0.000351254 0.0015625 -6.34195e-11
0.0265625 0.000393921 0.0015625 -6.34096e-11
0.028125 0.000439022 0.0015625 -6.33997e-11
0.0296875 0.000486557 0.0015625 -6.33898e-11
0.03125 0.000536526 0.0015625 -6.33799e-11
0.0328125 0.000588929 0.0015625 -6.337e-11
0.034375 0.000643764 0.0015625 -6.33601e-11
0.0359375 0.000701032 0.0015625 -6.33502e-11
0.0375 0.000760732 0.0015625 -6.33403e-11
0.0390625 0.000822865 0.0015625 -6.33304e-11
0.040625 0.000887428 0.0015625 -6.33205e-11
0.0421875 0.000954423 0.0015625 -6.33106e-11
0.04375 0.00102385 0.0015625 -6.33007e-11
0.0453125 0.0010957 0.0015625 -6.32908e-11
0.046875 0.00116999 0.0015625 -6.3281e-11
0.0484375 0.00124671 0.0015625 -6.32711e-11
0.05 0.00132585 0.0015625 -6.32612e-11
0.0515625 0.00140742 0.0015625 -6.32513e-11
0.053125 0.00149143 0.0015625 -6.32414e-11
0.0546875 0.00157786 0.0015625 -6.32315e-11
0.05625 0.00166672 0.0015625 -6.32217e-11
0.0578125 0.001758 0.0015625 -6.32118e-11
0.059375 0.00185171 0.0015625 -6.32019e-11
0.0609375 0.00194785 0.0015625 -6.3192e-11
0.0625 0.00204642 0.0015625 -6.31822e-11
0.0640625 0.00214741 0.0015625 -6.31723e-11
0.065625 0.00225082 0.0015625 -6.31624e-11
0.0671875 0.00235666 0.0015625 -6.31526e-11
0.06875 0.00246493 0.0015625 -6.31427e-11
0.0703125 0.00257562 0.0015625 -6.31328e-11
0.071875 0.00268874 0.0015625 -6.3123e-11
0.0734375 0.00280427 0.0015625 -6.31131e-11
0.075 0.00292223 0.0015625 -6.31032e-11
0.0765625 0.00304262 0.0015625 -6.30934e-11
0.078125 0.00316542 0.0015625 -6.30835e-11
0.0796875 0.00329065 0.0015625 -6.30737e-11
0.08125 0.0034183 0.0015625 -6.30638e-11
0.0828125 0.00354837 0.0015625 -6.3054e-11
0.084375 0.00368086 0.0015625 -6.30441e-11
0.0859375 0.00381578 0.0015625 -6.30343e-11
0.0875 0.00395311 0.0015625 -6.30244e-11
0.0890625 0.00409286 0.0015625 -6.30146e-11
0.090625 0.00423503 0.0015625 -6.30047e-11
0.0921875 0.00437962 0.0015625 -6.29949e-11
0.09375 0.00452663 0.0015625 -6.2985e-11
0.0953125 0.00467606 0.0015625 -6.29752e-11
0.096875 0.00482791 0.0015625 -6.29653e-11
0.0984375 0.00498217 0.0015625 -6.29555e-11
0.1 0.00513885 0.0015625 -6.29457e-11
0.101562 0.00529795 0.0015625 -6.29358e-11
0.103125 0.00545946 0.0015625 -6.2926e-11
0.104687 0.00562339 0.0015625 -6.29162e-11
0.10625 0.00578973 0.0015625 -6.29063e-11
0.107812 0.00595849 0.0015625 -6.28965e-11
0.109375 0.00612967 0.0015625 -6.28867e-11
0.110937 0.00630326 0.0015625 -6.28769e-11
0.1125 0.00647926 0.0015625 -6.2867e-11
0.114062 0.00665768 0.0015625 -6.28572e-11
0.115625 0.00683851 0.0015625 -6.28474e-11
0.117187 0.00702175 0.0015625 -6.28376e-11
0.11875 0.00720741 0.0015625 -6.28278e-11
0.120312 0.00739548 0.0015625 -6.28179e-11
0.121875 0.00758596 0.0015625 -6.28081e-11
0.123437 0.00777885 0.0015625 -6.27983e-11
0.125 0.00797415 0.0015625 -6.27885e-11
0.126562 0.00817186 0.0015625 -6.27787e-11
0.128125 0.00837199 0.0015625 -6.27689e-11
0.129687 0.00857452 0.0015625 -6.27591e-11
0.13125 0.00877946 0.0015625 -6.27493e-11
0.132812 0.00898682 0.0015625 -6.27395e-11
0.134375 0.00919658 0.0015625 -6.27297e-11
0.135937 0.00940875 0.0015625 -6.27199e-11
0.1375 0.00962333 0.0015625 -6.27101e-11
0.139062 0.00984031 0.0015625 -6.27003e-11
0.140625 0.0100597 0.0015625 -6.26905e-11
0.142187 0.0102815 0.0015625 -6.26807e-11
0.14375 0.0105057 0.0015625 -6.26709e-11
0.145312 0.0107323 0.0015625 -6.26611e-11
0.146875 0.0109613 0.0015625 -6.26513e-11
0.148437 0.0111928 0.0015625 -6.26415e-11
0.15 0.0114266 0.0015625 -6.26317e-11
0.151562 0.0116628 0.0015625 -6.26219e-11
0.153125 0.0119015 0.0015625 -6.26122e-11
0.154687 0.0121425 0.0015625 -6.26024e-11
0.15625 0.0123859 0.0015625 -6.25926e-11
0.157812 0.0126318 0.0015625 -6.25828e-11
0.159375 0.01288 0.0015625 -6.2573e-11
0.160937 0.0131307 0.0015625 -6.25633e-11
0.1625 0.0133838 0.0015625 -6.25535e-11
0.164062 0.0136392 0.0015625 -6.25437e-11
0.165625 0.0138971 0.0015625 -6.25339e-11
0.167187 0.0141573 0.0015625 -6.25242e-11
0.16875 0.01442 0.0015625 -6.25144e-11
0.170312 0.0146851 0.0015625 -6.25046e-11
0.171875 0.0149525 0.0015625 -6.24949e-11
0.173437 0.0152224 0.0015625 -6.24851e-11
0.175 0.0154946 0.0015625 -6.24753e-11
0.176562 0.0157693 0.0015625 -6.24656e-11
0.178125 0.0160463 0.0015625 -6.24558e-11
0.179687 0.0163258 0.0015625 -6.24461e-11
0.18125 0.0166076 0.0015625 -6.24363e-11
0.182812 0.0168919 0.0015625 -6.24266e-11
0.184375 0.0171785 0.0015625 -6.24168e-11
0.185937 0.0174676 0.0015625 -6.2407e-11
0.1875 0.017759 0.0015625 -6.23973e-11
0.189062 0.0180529 0.0015625 -6.23876e-11
0.190625 0.0183491 0.0015625 -6.23778e-11
0.192187 0.0186477 0.0015625 -6.23681e-11
0.19375 0.0189487 0.0015625 -6.23583e-11
0.195312 0.0192521 0.0015625 -6.23486e-11
0.196875 0.0195579 0.0015625 -6.23388e-11
0.198437 0.0198661 0.0015625 -6.23291e-11
0.2 0.0201767 0.0015625 -6.23194e-11
0.201562 0.0204897 0.0015625 -6.23096e-11
0.203125 0.0208051 0.0015625 -6.22999e-11
0.204687 0.0211229 0.0015625 -6.22901e-11
0.20625 0.021443 0.0015625 -6.22804e-11
0.207812 0.0217656 0.0015625 -6.22707e-11
0.209375 0.0220905 0.0015625 -6.2261e-11
0.210937 0.0224179 0.0015625 -6.22512e-11
0.2125 0.0227476 0.0015625 -6.22415e-11
0.214062 0.0230797 0.0015625 -6.22318e-11
0.215625 0.0234142 0.0015625 -6.22221e-11
0.217187 0.0237511 0.0015625 -6.22123e-11
0.21875 0.0240904 0.0015625 -6.22026e-11
0.220312 0.024432 0.0015625 -6.21929e-11
0.221875 0.0247761 0.0015625 -6.21832e-11
0.223437 0.0251225 0.0015625 -6.21735e-11
0.225 0.0254714 0.0015625 -6.21637e-11
0.226562 0.0258226 0.0015625 -6.2154e-11
0.228125 0.0261762 0.0015625 -6.21443e-11
0.229687 0.0265322 0.0015625 -6.21346e-11
0.23125 0.0268906 0.0015625 -6.21249e-11
0.232812 0.0272513 0.0015625 -6.21152e-11
0.234375 0.0276145 0.0015625 -6.21055e-11
0.235937 0.02798 0.0015625 -6.20958e-11
0.2375 0.0283479 0.0015625 -6.20861e-11
0.239062 0.0287182 0.0015625 -6.20764e-11
0.240625 0.0290909 0.0015625 -6.20667e-11
0.242187 0.0294659 0.0015625 -6.2057e-11
0.24375 0.0298434 0.0015625 -6.20473e-11
0.245312 0.0302232 0.0015625 -6.20376e-11
0.246875 0.0306054 0.0015625 -6.20279e-11
0.248437 0.03099 0.0015625 -6.20182e-11
0.25 0.031377 0.0015625 -6.20085e-11
0.251562 0.0317663 0.0015625 -6.19988e-11
0.253125 0.0321581 0.0015625 -6.19892e-11
0.254687 0.0325522 0.0015625 -6.19795e-11
0.25625 0.0329487 0.0015625 -6.19698e-11
0.257812 0.0333476 0.0015625 -6.19601e-11
0.259375 0.0337488 0.0015625 -6.19504e-11
0.260937 0.0341524 0.0015625 -6.19408e-11
0.2625 0.0345585 0.0015625 -6.19311e-11
0.264062 0.0349668 0.0015625 -6.19214e-11
0.265625 0.0353776 0.0015625 -6.19117e-11
0.267187 0.0357908 0.0015625 -6.1902e-11
0.26875 0.0362063 0.0015625 -6.18924e-11
0.270312 0.0366242 0.0015625 -6.18827e-11
0.271875 0.0370444 0.0015625 -6.1873e-11
0.273437 0.0374671 0.0015625 -6.18634e-11
0.275 0.0378921 0.0015625 -6.18537e-11
0.276562 0.0383195 0.0015625 -6.1844e-11
0.278125 0.0387493 0.0015625 -6.18344e-11
0.279687 0.0391814 0.0015625 -6.18247e-11
0.28125 0.0396159 0.0015625 -6.18151e-11
0.282812 0.0400528 0.0015625 -6.18054e-11
0.284375 0.0404921 0.0015625 -6.17957e-11
0.285937 0.0409337 0.0015625 -6.17861e-11
0.2875 0.0413777 0.0015625 -6.17764e-11
0.289062 0.0418241 0.0015625 -6.17668e-11
0.290625 0.0422729 0.0015625 -6.17571e-11
0.292187 0.042724 0.0015625 -6.17475e-11
0.29375 0.0431775 0.0015625 -6.17378e-11
0.295312 0.0436333 0.0015625 -6.17282e-11
0.296875 0.0440916 0.0015625 -6.17185e-11
0.298438 0.0445522 0.0015625 -6.17089e-11
0.3 0.0450152 0.0015625 -6.16993e-11
0.301563 0.0454805 0.0015625 -6.16896e-11
0.303125 0.0459482 0.0015625 -6.168e-11
0.304688 0.0464183 0.0015625 -6.16703e-11
0.30625 0.0468907 0.0015625 -6.16607e-11
0.307813 0.0473655 0.0015625 -6.16511e-11
0.309375 0.0478427 0.0015625 -6.16414e-11
0.310938 0.0483223 0.0015625 -6.16318e-11
0.3125 0.0488042 0.0015625 -6.16222e-11
0.314063 0.0492885 0.0015625 -6.16126e-11
0.315625 0.0497751 0.0015625 -6.16029e-11
0.317188 0.0502641 0.0015625 -6.15933e-11
0.31875 0.0507555 0.0015625 -6.15837e-11
0.320313 0.0512492 0.0015625 -6.15741e-11
0.321875 0.0517453 0.0015625 -6.15644e-11
0.323438 0.0522438 0.0015625 -6.15548e-11
0.325 0.0527446 0.0015625 -6.15452e-11
0.326563 0.0532478 0.0015625 -6.15356e-11
0.328125 0.0537534 0.0015625 -6.1526e-11
0.329688 0.0542613 0.0015625 -6.15164e-11
0.33125 0.0547716 0.0015625 -6.15068e-11
0.332813 0.0552842 0.0015625 -6.14971e-11
0.334375 0.0557992 0.0015625 -6.14875e-11
0.335938 0.0563166 0.0015625 -6.14779e-11
0.3375 0.0568363 0.0015625 -6.14683e-11
0.339063 0.0573584 0.0015625 -6.14587e-11
0.340625 0.0578829 0.0015625 -6.14491e-11
0.342188 0.0584097 0.0015625 -6.14395e-11
0.34375 0.0589388 0.0015625 -6.14299e-11
0.345313 0.0594703 0.0015625 -6.14203e-11
0.346875 0.0600042 0.0015625 -6.14107e-11
0.348438 0.0605405 0.0015625 -6.14011e-11
0.35 0.0610791 0.0015625 -6.13915e-11
0.351563 0.06162 0.0015625 -6.13819e-11
0.353125 0.0621633 0.0015625 -6.13724e-11
0.354688 0.062709 0.0015625 -6.13628e-11
0.35625 0.063257 0.0015625 -6.13532e-11
0.357813 0.0638074 0.0015625 -6.13436e-11
0.359375 0.0643601 0.0015625 -6.1334e-11
0.360938 0.0649152 0.0015625 -6.13244e-11
0.3625 0.0654726 0.0015625 -6.13148e-11
0.364063 0.0660324 0.0015625 -6.13053e-11
0.365625 0.0665946 0.0015625 -6.12957e-11
0.367188 0.0671591 0.0015625 -6.12861e-11
0.36875 0.0677259 0.0015625 -6.12765e-11
0.370313 0.0682951 0.0015625 -6.1267e-11
0.371875 0.0688667 0.0015625 -6.12574e-11
0.373438 0.0694406 0.0015625 -6.12478e-11
0.375 0.0700169 0.0015625 -6.12383e-11
0.376563 0.0705955 0.0015625 -6.12287e-11
0.378125 0.0711765 0.0015625 -6.12191e-11
0.379688 0.0717598 0.0015625 -6.12096e-11
0.38125 0.0723454 0.0015625 -6.12e-11
0.382813 0.0729335 0.0015625 -6.11904e-11
0.384375 0.0735238 0.0015625 -6.11809e-11
0.385938 0.0741165 0.0015625 -6.11713e-11
0.3875 0.0747116 0.0015625 -6.11617e-11
0.389063 0.075309 0.0015625 -6.11522e-11
0.390625 0.0759088 0.0015625 -6.11426e-11
0.392188 0.0765109 0.0015625 -6.11331e-11
0.39375 0.0771153 0.0015625 -6.11235e-11
0.395313 0.0777221 0.0015625 -6.1114e-11
0.396875 0.0783313 0.0015625 -6.11044e-11
0.398438 0.0789428 0.0015625 -6.10949e-11
0.4 0.0795566 0.0015625 -6.10853e-11
0.401563 0.0801728 0.0015625 -6.10758e-11
0.403125 0.0807913 0.0015625 -6.10663e-11
0.404688 0.0814122 0.0015625 -6.10567e-11
0.40625 0.0820354 0.0015625 -6.10472e-11
0.407813 0.082661 0.0015625 -6.10376e-11
0.409375 0.0832889 0.0015625 -6.10281e-11
0.410938 0.0839191 0.0015625 -6.10186e-11
0.4125 0.0845517 0.0015625 -6.1009e-11
0.414063 0.0851866 0.0015625 -6.09995e-11
0.415625 0.0858239 0.0015625 -6.099e-11
0.417188 0.0864635 0.0015625 -6.09804e-11
0.41875 0.0871055 0.0015625 -6.09709e-11
0.420313 0.0877498 0.0015625 -6.09614e-11
0.421875 0.0883964 0.0015625 -6.09519e-11
0.423438 0.0890454 0.0015625 -6.09423e-11
0.425 0.0896967 0.0015625 -6.09328e-11
0.426563 0.0903504 0.0015625 -6.09233e-11
0.428125 0.0910064 0.0015625 -6.09138e-11
0.429688 0.0916647 0.0015625 -6.09043e-11
0.43125 0.0923254 0.0015625 -6.08947e-11
0.432813 0.0929884 0.0015625 -6.08852e-11
0.434375 0.0936537 0.0015625 -6.08757e-11
0.435938 0.0943214 0.0015625 -6.08662e-11
0.4375 0.0949915 0.0015625 -6.08567e-11
0.439063 0.0956638 0.0015625 -6.08472e-11
0.440625 0.0963385 0.0015625 -6.08377e-11
0.442188 0.0970156 0.0015625 -6.08282e-11
0.44375 0.0976949 0.0015625 -6.08187e-11
0.445313 0.0983766 0.0015625 -6.08092e-11
0.446875 0.0990607 0.0015625 -6.07997e-11
0.448438 0.099747 0.0015625 -6.07902e-11
0.45 0.100436 0.0015625 -6.07807e-11
0.451563 0.101127 0.0015625 -6.07712e-11
0.453125 0.10182 0.0015625 -6.07617e-11
0.454688 0.102516 0.0015625 -6.07522e-11
0.45625 0.103214 0.0015625 -6.07427e-11
0.457813 0.103914 0.0015625 -6.07332e-11
0.459375 0.104617 0.0015625 -6.07237e-11
0.460938 0.105322 0.0015625 -6.07142e-11
0.4625 0.106029 0.0015625 -6.07047e-11
0.464063 0.106739 0.0015625 -6.06953e-11
0.465625 0.107451 0.0015625 -6.06858e-11
0.467188 0.108165 0.0015625 -6.06763e-11
0.46875 0.108882 0.0015625 -6.06668e-11
0.470313 0.109601 0.0015625 -6.06574e-11
0.471875 0.110322 0.0015625 -6.06479e-11
0.473438 0.111046 0.0015625 -6.06384e-11
0.475 0.111772 0.0015625 -6.06289e-11
0.476563 0.1125 0.0015625 -6.06195e-11
0.478125 0.113231 0.0015625 -6.061e-11
0.479688 0.113964 0.0015625 -6.06005e-11
0.48125 0.114699 0.0015625 -6.0591e-11
0.482813 0.115437 0.0015625 -6.05816e-11
0.484375 0.116177 0.0015625 -6.05721e-11
0.485938 0.116919 0.0015625 -6.05626e-11
0.4875 0.117664 0.0015625 -6.05532e-11
0.489063 0.118411 0.0015625 -6.05437e-11
0.490625 0.11916 0.0015625 -6.05343e-11
0.492188 0.119912 0.0015625 -6.05248e-11
0.49375 0.120666 0.0015625 -6.05153e-11
0.495313 0.121422 0.0015625 -6.05059e-11
0.496875 0.12218 0.0015625 -6.04964e-11
0.498438 0.122941 0.0015625 -6.0487e-11
0.499999 0.123702 1e-06
0.5 0.123702 0
321 5 0
